0
1
2
3
4
5
6
7
8
9
10
11
12
13
14
16
17
18
20
22
23
24
25
26
27
28
30
32
33
34
35
36
37
38
39
40
41
43
44
45
52
55
56
58
59
61
63
66
68
69
70
73
75
76
77
84
85
93
94
95
97
98
104
112
114
120
121
122
123
125
126
128
135
136
137
140
142
149
150
151
155
157
159
163
166
168
177
180
184
185
192
193
194
198
200
204
206
216
218
224
231
232
238
250
252
258
261
264
269
271
279
281
287
293
298
299
301
303
305
310
314
325
329
335
340
351
359
365
368
369
374
378
385
390
392
397
398
404
409
426
444
446
454
460
461
462
496
502
523
525
527
535
538
539
554
578
582
590
600
612
616
618
622
623
632
655
669
731
733
737
739
760
763
770
773
780
782
786
801
802
803
816
818
840
842
854
861
870
880
893
894
911
916
943
950
953
959
967
978
987
988
989
997
1001
1006
1016
1024
1027
1032
1056
1076
1084
1088
1093
1108
1112
1122
1144
1148
1166
1173
1190
1215
1219
1223
1225
1241
1296
1313
1319
1320
1348
1359
1362
1364
1369
1370
1373
1377
1392
1398
1399
1402
1403
1404
1427
1437
1439
1451
1468
1485
1500
1506
1511
1512
1514
1524
1541
1545
1546
1553
1558
1575
1581
1586
1591
1598
1603
1608
1611
1628
1643
1658
1663
1669
1678
1712
1717
1727
1737
1766
1781
1789
1806
1807
1812
1816
1824
1828
1849
1854
1860
1876
1883
1902
1903
1913
1917
1919
1950
1952
1971
1972
1980
1986
2011
2019
2020
2044
2048
2062
2077
2088
2090
2126
2139
2140
2142
2146
2152
2160
2178
2185
2194
2200
2201
2224
2229
2273
2278
2281
2311
2359
2387
2391
2404
2411
2423
2426
2438
2442
2481
2498
2503
2515
2546
2551
2568
2578
2581
2595
2606
2612
2614
2617
2647
2656
2659
2681
2696
2701
2734
2744
2745
2751
2771
2793
2816
2831
2850
2855
2896
2907
2917
3012
3033
3035
3041
3046
3057
3063
3087
3093
3110
3112
3135
3139
3145
3161
3165
3195
3234
3300
3349
3352
3361
3366
3384
3385
3389
3434
3449
3472
3518
3528
3548
3560
3628
3692
3693
3809
3843
3877
3884
3885
3934
4016
4017
4031
4141
4230
4238
4263
4282
4286
4357
4369
4376
4381
4382
4388
4420
4422
4464
4522
4535
4588
4606
4680
4690
4700
4715
4754
4835
4859
4878
4901
4907
4920
4921
4941
4961
